0 7
0 15
0 49
2 0
2 49
4 1
5 0
7 27
9 11
9 12
9 15
9 17
9 19
9 20
9 22
9 25
9 27
9 29
9 30
10 1
10 11
10 13
10 15
10 17
10 19
10 22
10 24
10 27
10 29
11 0
11 11
11 13
11 15
11 17
11 19
11 22
11 23
11 27
11 29
11 30
12 11
12 13
12 15
12 17
12 19
12 22
12 24
12 27
12 29
13 11
13 12
13 15
13 16
13 17
13 19
13 20
13 22
13 25
13 27
13 29
13 30
17 1
17 23
17 24
17 25
17 27
17 28
17 29
17 31
17 33
17 35
17 37
17 38
17 39
17 48
18 24
18 27
18 29
18 31
18 33
18 35
18 37
18 39
19 1
19 24
19 27
19 29
19 31
19 33
19 35
19 37
19 39
19 49
20 0
20 1
20 24
20 27
20 29
20 31
20 33
20 35
20 37
20 39
20 47
21 24
21 27
21 28
21 29
21 32
21 33
21 34
21 37
21 39
24 1
24 48
26 1
26 49
27 0
27 1
27 47
29 1
29 47
